-1.00,2.50,0.00,0.00,1.44,0.07,1.44
-0.50,2.00,0.00,0.00,1.04,0.43,0.94
-1.50,2.00,0.00,0.33,1.10,0.57,0.94
-1.00,1.50,0.00,0.00,0.45,0.07,0.44
-0.50,1.50,0.00,0.03,0.62,0.43,0.44
-2.00,1.50,0.00,0.06,1.16,1.07,0.44
0.50,2.50,0.00,0.00,2.03,1.43,1.44
-2.50,2.50,0.00,0.00,2.13,1.57,1.44
0.50,2.00,0.00,0.00,1.71,1.43,0.94
-1.50,1.00,0.00,0.34,0.57,0.57,0.06
0.50,3.00,0.00,0.00,2.41,1.43,1.94
-1.50,4.00,0.00,0.00,3.00,0.57,2.94
0.50,1.50,0.00,0.00,1.50,1.43,0.44
0.00,1.00,0.00,0.00,0.93,0.93,0.06
0.50,3.50,0.00,0.00,2.83,1.43,2.44
1.00,2.50,0.00,0.00,2.41,1.93,1.44
-1.00,0.50,0.00,0.00,0.56,0.07,0.56
-0.50,0.50,0.00,0.00,0.70,0.43,0.56
1.00,2.00,0.00,0.00,2.15,1.93,0.94
1.00,3.00,0.00,0.00,2.74,1.93,1.94
-1.50,0.50,0.00,0.27,0.80,0.57,0.56
0.50,1.00,0.00,0.00,1.43,1.43,0.06
0.50,4.00,0.00,0.00,3.27,1.43,2.94
-2.50,1.00,0.00,0.05,1.57,1.57,0.06
-2.50,4.00,0.00,0.07,3.34,1.57,2.94
1.00,1.50,0.00,0.00,1.98,1.93,0.44
0.00,0.50,0.00,0.00,1.08,0.93,0.56
1.00,3.50,0.00,0.00,3.11,1.93,2.44
-2.00,0.50,0.00,0.00,1.21,1.07,0.56
-3.00,1.50,0.00,0.00,2.12,2.07,0.44
0.50,0.50,0.00,0.00,1.53,1.43,0.56
1.50,2.50,0.00,0.00,2.83,2.43,1.44
1.00,1.00,0.00,0.00,1.93,1.93,0.06
-1.00,0.00,0.00,0.00,1.06,0.07,1.06
1.00,4.00,0.00,0.00,3.52,1.93,2.94
0.50,4.50,0.00,0.00,3.73,1.43,3.44
-3.00,1.00,0.00,0.00,2.07,2.07,0.06
-0.50,0.00,0.00,0.00,1.14,0.43,1.06
1.50,2.00,0.00,0.00,2.61,2.43,0.94
1.50,3.00,0.00,0.00,3.11,2.43,1.94
-1.50,0.00,0.00,0.00,1.20,0.57,1.06
-0.50,5.00,0.00,0.00,3.97,0.43,3.94
0.00,0.00,0.00,0.00,1.41,0.93,1.06
1.50,1.50,0.00,0.00,2.47,2.43,0.44
1.50,3.50,0.00,0.00,3.45,2.43,2.44
-2.00,0.00,0.00,0.00,1.50,1.07,1.06
1.00,0.50,0.00,0.00,2.01,1.93,0.56
1.00,4.50,0.00,0.00,3.95,1.93,3.44
-3.00,0.50,0.00,0.00,2.14,2.07,0.56
-3.00,4.50,0.00,0.03,4.02,2.07,3.44
1.50,1.00,0.00,0.00,2.43,2.43,0.06
0.50,0.00,0.00,0.00,1.78,1.43,1.06
1.50,4.00,0.00,0.00,3.82,2.43,2.94
-2.50,0.00,0.00,0.00,1.89,1.57,1.06
0.50,5.00,0.00,0.00,4.19,1.43,3.94
2.00,2.50,0.00,0.00,3.27,2.93,1.44
-1.00,-0.50,0.00,0.00,1.56,0.07,1.56
2.00,2.00,0.00,0.00,3.08,2.93,0.94
-0.50,-0.50,0.00,0.00,1.62,0.43,1.56
-1.50,-0.50,0.00,0.00,1.66,0.57,1.56
2.00,3.00,0.00,0.00,3.52,2.93,1.94
-4.00,3.00,0.00,0.00,3.63,3.07,1.94
2.00,1.50,0.00,0.00,2.96,2.93,0.44
0.00,-0.50,0.00,0.00,1.81,0.93,1.56
2.00,3.50,0.00,0.00,3.82,2.93,2.44
-2.00,-0.50,0.00,0.00,1.89,1.07,1.56
-4.00,1.50,0.00,0.00,3.10,3.07,0.44
1.50,0.50,0.00,0.00,2.49,2.43,0.56
1.00,0.00,0.00,0.00,2.20,1.93,1.06
-3.00,0.00,0.00,0.00,2.32,2.07,1.06
1.00,5.00,0.00,0.00,4.39,1.93,3.94
1.50,4.50,0.00,0.00,4.21,2.43,3.44
2.00,1.00,0.00,0.00,2.93,2.93,0.06
0.50,-0.50,0.00,0.00,2.11,1.43,1.56
2.00,4.00,0.00,0.00,4.15,2.93,2.94
-2.50,-0.50,0.00,0.00,2.21,1.57,1.56
-4.00,1.00,0.00,0.00,3.07,3.07,0.06
2.50,2.50,0.00,0.00,3.72,3.43,1.44
-1.00,-1.00,0.00,0.00,2.06,0.07,2.06
1.50,0.00,0.00,0.00,2.65,2.43,1.06
-0.50,-1.00,0.00,0.00,2.10,0.43,2.06
-4.50,2.50,0.00,0.00,3.85,3.57,1.44
-1.50,-1.00,0.00,0.00,2.13,0.57,2.06
2.50,2.00,0.00,0.00,3.56,3.43,0.94
2.50,3.00,0.00,0.00,3.94,3.43,1.94
1.50,5.00,0.00,0.00,4.63,2.43,3.94
-3.50,0.00,0.00,0.00,2.78,2.57,1.06
1.00,-0.50,0.00,0.00,2.48,1.93,1.56
2.00,0.50,0.00,0.00,2.98,2.93,0.56
-3.00,-0.50,0.00,0.00,2.59,2.07,1.56
2.00,4.50,0.00,0.00,4.52,2.93,3.44
-4.00,0.50,0.00,0.00,3.12,3.07,0.56
2.50,1.50,0.00,0.00,3.46,3.43,0.44
0.00,-1.00,0.00,0.00,2.26,0.93,2.06
2.50,3.50,0.00,0.00,4.21,3.43,2.44
-2.00,-1.00,0.00,0.00,2.32,1.07,2.06
-4.00,4.50,0.00,0.00,4.61,3.07,3.44
-4.50,1.50,0.00,0.00,3.60,3.57,0.44
-4.50,3.50,0.00,0.06,4.33,3.57,2.44
0.50,-1.00,0.00,0.00,2.51,1.43,2.06
2.50,1.00,0.00,0.00,3.43,3.43,0.06
-2.50,-1.00,0.00,0.00,2.59,1.57,2.06
2.50,4.00,0.00,0.00,4.52,3.43,2.94
-4.50,1.00,0.00,0.00,3.57,3.57,0.06
2.00,0.00,0.00,0.00,3.12,2.93,1.06
1.50,-0.50,0.00,0.00,2.89,2.43,1.56
2.00,5.00,0.00,0.00,4.91,2.93,3.94
-4.00,0.00,0.00,0.00,3.25,3.07,1.06
-3.50,-0.50,0.00,0.00,3.00,2.57,1.56
3.00,2.50,0.00,0.00,4.19,3.93,1.44
-1.00,-1.50,0.00,0.00,2.56,0.07,2.56
3.00,2.00,0.00,0.00,4.04,3.93,0.94
1.00,-1.00,0.00,0.00,2.82,1.93,2.06
2.50,0.50,0.00,0.00,3.48,3.43,0.56
-0.50,-1.50,0.00,0.00,2.59,0.43,2.56
-1.50,-1.50,0.00,0.00,2.62,0.57,2.56
3.00,3.00,0.00,0.00,4.38,3.93,1.94
2.50,4.50,0.00,0.00,4.86,3.43,3.44
-3.00,-1.00,0.00,0.00,2.92,2.07,2.06
-4.50,0.50,0.00,0.00,3.61,3.57,0.56
-4.50,4.50,0.00,0.00,4.96,3.57,3.44
3.00,1.50,0.00,0.00,3.96,3.93,0.44
0.00,-1.50,0.00,0.00,2.72,0.93,2.56
3.00,3.50,0.00,0.00,4.63,3.93,2.44
-2.00,-1.50,0.00,0.00,2.77,1.07,2.56
-5.00,1.50,0.00,0.00,4.09,4.07,0.44
2.00,-0.50,0.00,0.00,3.32,2.93,1.56
-4.00,-0.50,0.00,0.00,3.44,3.07,1.56
0.50,-1.50,0.00,0.00,2.93,1.43,2.56
3.00,1.00,0.00,0.00,3.93,3.93,0.06
3.00,4.00,0.00,0.00,4.91,3.93,2.94
-2.50,-1.50,0.00,0.00,3.00,1.57,2.56
1.50,-1.00,0.00,0.00,3.18,2.43,2.06
2.50,0.00,0.00,0.00,3.59,3.43,1.06
-5.00,1.00,0.00,0.00,4.07,4.07,0.06
2.50,5.00,0.00,0.00,5.23,3.43,3.94
-3.50,-1.00,0.00,0.00,3.29,2.57,2.06
-4.50,0.00,0.00,0.00,3.72,3.57,1.06
1.00,-1.50,0.00,0.00,3.20,1.93,2.56
3.00,0.50,0.00,0.00,3.97,3.93,0.56
3.00,4.50,0.00,0.00,5.23,3.93,3.44
-3.00,-1.50,0.00,0.00,3.29,2.07,2.56
3.50,2.50,0.00,0.00,4.66,4.43,1.44
-5.00,0.50,0.00,0.00,4.11,4.07,0.56
-1.00,-2.00,0.00,0.00,3.06,0.07,3.06
3.50,3.00,0.00,0.00,4.84,4.43,1.94
-0.50,-2.00,0.00,0.00,3.09,0.43,3.06
3.50,2.00,0.00,0.00,4.53,4.43,0.94
-5.50,2.50,0.00,0.00,4.79,4.57,1.44
-1.50,-2.00,0.00,0.00,3.11,0.57,3.06
-5.50,2.00,0.00,0.00,4.67,4.57,0.94
-5.50,3.00,0.00,0.00,4.97,4.57,1.94
2.50,-0.50,0.00,0.00,3.77,3.43,1.56
0.00,-2.00,0.00,0.00,3.20,0.93,3.06
3.50,1.50,0.00,0.00,4.45,4.43,0.44
2.00,-1.00,0.00,0.00,3.58,2.93,2.06
3.50,3.50,0.00,0.00,5.06,4.43,2.44
-2.00,-2.00,0.00,0.00,3.24,1.07,3.06
-4.00,-1.00,0.00,0.00,3.70,3.07,2.06
-4.50,-0.50,0.00,0.00,3.89,3.57,1.56
-5.50,1.50,0.00,0.00,4.59,4.57,0.44
-5.50,3.50,0.00,0.00,5.18,4.57,2.44
1.50,-1.50,0.00,0.00,3.53,2.43,2.56
3.00,0.00,0.00,0.00,4.07,3.93,1.06
-3.50,-1.50,0.00,0.00,3.63,2.57,2.56
3.00,5.00,0.00,0.00,5.57,3.93,3.94
-5.00,0.00,0.00,0.00,4.20,4.07,1.06
3.50,1.00,0.00,0.00,4.43,4.43,0.06
0.50,-2.00,0.00,0.00,3.38,1.43,3.06
3.50,4.00,0.00,0.00,5.32,4.43,2.94
-2.50,-2.00,0.00,0.00,3.44,1.57,3.06
-5.00,5.00,0.00,0.00,5.67,4.07,3.94
-5.50,4.00,0.00,0.00,5.44,4.57,2.94
3.50,0.50,0.00,0.00,4.47,4.43,0.56
3.50,4.50,0.00,0.00,5.61,4.43,3.44
1.00,-2.00,0.00,0.00,3.62,1.93,3.06
-3.00,-2.00,0.00,0.00,3.69,2.07,3.06
-5.50,0.50,0.00,0.00,4.60,4.57,0.56
2.50,-1.00,0.00,0.00,4.00,3.43,2.06
-4.50,-1.00,0.00,0.00,4.12,3.57,2.06
-5.50,4.50,0.00,0.00,5.72,4.57,3.44
3.00,-0.50,0.00,0.00,4.23,3.93,1.56
2.00,-1.50,0.00,0.00,3.89,2.93,2.56
4.00,2.50,0.00,0.00,5.14,4.93,1.44
-1.00,-2.50,0.00,0.00,3.56,0.07,3.56
-4.00,-1.50,0.00,0.00,4.00,3.07,2.56
-1.50,-2.50,0.00,0.00,3.60,0.57,3.56
-5.00,-0.50,0.00,0.00,4.36,4.07,1.56
-0.50,-2.50,0.00,0.00,3.58,0.43,3.56
4.00,3.00,0.00,0.00,5.30,4.93,1.94
4.00,2.00,0.00,0.00,5.02,4.93,0.94
-6.00,2.50,0.00,0.00,5.27,5.07,1.44
-6.00,2.00,0.00,0.00,5.16,5.07,0.94
-6.00,3.00,0.00,0.00,5.43,5.07,1.94
0.00,-2.50,0.00,0.00,3.68,0.93,3.56
4.00,3.50,0.00,0.00,5.50,4.93,2.44
4.00,1.50,0.00,0.00,4.95,4.93,0.44
-2.00,-2.50,0.00,0.00,3.71,1.07,3.56
-6.00,1.50,0.00,0.00,5.09,5.07,0.44
-6.00,3.50,0.00,0.00,5.63,5.07,2.44
3.50,0.00,0.00,0.00,4.55,4.43,1.06
1.50,-2.00,0.00,0.00,3.91,2.43,3.06
3.50,5.00,0.00,0.00,5.93,4.43,3.94
-3.50,-2.00,0.00,0.00,3.99,2.57,3.06
-5.50,0.00,0.00,0.00,4.69,4.57,1.06
-5.50,5.00,0.00,0.00,6.04,4.57,3.94
4.00,1.00,0.00,0.00,4.93,4.93,0.06
0.50,-2.50,0.00,0.00,3.83,1.43,3.56
-2.50,-2.50,0.00,0.00,3.89,1.57,3.56
4.00,4.00,0.00,0.00,5.74,4.93,2.94
-6.00,1.00,0.00,0.00,5.07,5.07,0.06
-6.00,4.00,0.00,0.00,5.86,5.07,2.94
2.50,-1.50,0.00,0.00,4.28,3.43,2.56
3.00,-1.00,0.00,0.00,4.44,3.93,2.06
-5.00,-1.00,0.00,0.00,4.56,4.07,2.06
-4.50,-1.50,0.00,0.00,4.39,3.57,2.56
4.00,0.50,0.00,0.00,4.96,4.93,0.56
1.00,-2.50,0.00,0.00,4.05,1.93,3.56
4.00,4.50,0.00,0.00,6.01,4.93,3.44
-3.00,-2.50,0.00,0.00,4.12,2.07,3.56
3.50,-0.50,0.00,0.00,4.70,4.43,1.56
2.00,-2.00,0.00,0.00,4.23,2.93,3.06
-6.00,0.50,0.00,0.00,5.10,5.07,0.56
-6.00,4.50,0.00,0.00,6.13,5.07,3.44
-4.00,-2.00,0.00,0.00,4.33,3.07,3.06
-5.50,-0.50,0.00,0.00,4.83,4.57,1.56
4.50,2.50,0.00,0.00,5.62,5.43,1.44
-1.00,-3.00,0.00,0.00,4.06,0.07,4.06
4.50,2.00,0.00,0.00,5.51,5.43,0.94
-0.50,-3.00,0.00,0.00,4.08,0.43,4.06
4.50,3.00,0.00,0.00,5.77,5.43,1.94
-1.50,-3.00,0.00,0.00,4.10,0.57,4.06
-6.50,2.50,0.00,0.00,5.75,5.57,1.44
-6.50,3.00,0.00,0.00,5.90,5.57,1.94
-6.50,2.00,0.00,0.00,5.65,5.57,0.94
0.00,-3.00,0.00,0.00,4.16,0.93,4.06
1.50,-2.50,0.00,0.00,4.31,2.43,3.56
4.00,0.00,0.00,0.00,5.04,4.93,1.06
4.50,1.50,0.00,0.00,5.45,5.43,0.44
4.50,3.50,0.00,0.00,5.95,5.43,2.44
-2.00,-3.00,0.00,0.00,4.20,1.07,4.06
-3.50,-2.50,0.00,0.00,4.39,2.57,3.56
-6.00,0.00,0.00,0.00,5.18,5.07,1.06
-6.50,1.50,0.00,0.00,5.59,5.57,0.44
-6.50,3.50,0.00,0.00,6.08,5.57,2.44
-6.00,5.00,0.00,0.00,6.42,5.07,3.94
3.00,-1.50,0.00,0.00,4.69,3.93,2.56
-5.00,-1.50,0.00,0.00,4.81,4.07,2.56
4.50,1.00,0.00,0.00,5.43,5.43,0.06
2.50,-2.00,0.00,0.00,4.59,3.43,3.06
3.50,-1.00,0.00,0.00,4.88,4.43,2.06
0.50,-3.00,0.00,0.00,4.30,1.43,4.06
-2.50,-3.00,0.00,0.00,4.35,1.57,4.06
4.50,4.00,0.00,0.00,6.18,5.43,2.94
-4.50,-2.00,0.00,0.00,4.70,3.57,3.06
-5.50,-1.00,0.00,0.00,5.01,4.57,2.06
-6.50,1.00,0.00,0.00,5.57,5.57,0.06
-6.50,4.00,0.00,0.00,6.30,5.57,2.94
2.00,-2.50,0.00,0.00,4.61,2.93,3.56
-4.00,-2.50,0.00,0.00,4.70,3.07,3.56
1.00,-3.00,0.00,0.00,4.49,1.93,4.06
4.50,0.50,0.00,0.00,5.46,5.43,0.56
4.50,4.50,0.00,0.00,6.43,5.43,3.44
-6.00,-0.50,0.00,0.00,5.30,5.07,1.56
-3.00,-3.00,0.00,0.00,4.55,2.07,4.06
-6.50,0.50,0.00,0.00,5.60,5.57,0.56
-6.50,4.50,0.00,0.00,6.55,5.57,3.44
5.00,2.50,0.00,0.00,6.10,5.93,1.44
-1.00,-3.50,0.00,0.00,4.56,0.07,4.56
5.00,3.00,0.00,0.00,6.24,5.93,1.94
3.00,-2.00,0.00,0.00,4.98,3.93,3.06
3.50,-1.50,0.00,0.00,5.12,4.43,2.56
5.00,2.00,0.00,0.00,6.00,5.93,0.94
-0.50,-3.50,0.00,0.00,4.58,0.43,4.56
-1.50,-3.50,0.00,0.00,4.59,0.57,4.56
-7.00,2.50,0.00,0.00,6.24,6.07,1.44
-5.00,-2.00,0.00,0.00,5.09,4.07,3.06
4.50,0.00,0.00,0.00,5.53,5.43,1.06
1.50,-3.00,0.00,0.00,4.73,2.43,4.06
-5.50,-1.50,0.00,0.00,5.24,4.57,2.56
-3.50,-3.00,0.00,0.00,4.80,2.57,4.06
-7.00,3.00,0.00,0.00,6.37,6.07,1.94
-7.00,2.00,0.00,0.00,6.14,6.07,0.94
-6.50,0.00,0.00,0.00,5.67,5.57,1.06
5.00,1.50,0.00,0.00,5.95,5.93,0.44
-6.50,5.00,0.00,0.00,6.82,5.57,3.94
5.00,3.50,0.00,0.00,6.41,5.93,2.44
0.00,-3.50,0.00,0.00,4.65,0.93,4.56
-2.00,-3.50,0.00,0.00,4.68,1.07,4.56
2.50,-2.50,0.00,0.00,4.94,3.43,3.56
4.00,-1.00,0.00,0.00,5.34,4.93,2.06
-4.50,-2.50,0.00,0.00,5.04,3.57,3.56
-7.00,1.50,0.00,0.00,6.09,6.07,0.44
-7.00,3.50,0.00,0.00,6.54,6.07,2.44
-6.00,-1.00,0.00,0.00,5.47,5.07,2.06
5.00,1.00,0.00,0.00,5.93,5.93,0.06
5.00,4.00,0.00,0.00,6.62,5.93,2.94
0.50,-3.50,0.00,0.00,4.78,1.43,4.56
-2.50,-3.50,0.00,0.00,4.82,1.57,4.56
-7.00,4.00,0.00,0.00,6.75,6.07,2.94
2.00,-3.00,0.00,0.00,5.00,2.93,4.06
-4.00,-3.00,0.00,0.00,5.09,3.07,4.06
-6.50,-0.50,0.00,0.00,5.78,5.57,1.56
5.00,0.50,0.00,0.00,5.96,5.93,0.56
1.00,-3.50,0.00,0.00,4.95,1.93,4.56
5.00,4.50,0.00,0.00,6.86,5.93,3.44
-3.00,-3.50,0.00,0.00,5.00,2.07,4.56
-7.00,0.50,0.00,0.00,6.10,6.07,0.56
3.50,-2.00,0.00,0.00,5.38,4.43,3.06
-7.00,4.50,0.00,0.00,6.98,6.07,3.44
-5.50,-2.00,0.00,0.00,5.50,4.57,3.06
4.00,-1.50,0.00,0.00,5.55,4.93,2.56
3.00,-2.50,0.00,0.00,5.30,3.93,3.56
-5.00,-2.50,0.00,0.00,5.40,4.07,3.56
-6.00,-1.50,0.00,0.00,5.68,5.07,2.56
1.50,-3.50,0.00,0.00,5.16,2.43,4.56
5.00,0.00,0.00,0.00,6.02,5.93,1.06
5.50,2.50,0.00,0.00,6.59,6.43,1.44
-3.50,-3.50,0.00,0.00,5.23,2.57,4.56
5.50,2.00,0.00,0.00,6.50,6.43,0.94
5.50,3.00,0.00,0.00,6.72,6.43,1.94
4.50,-1.00,0.00,0.00,5.81,5.43,2.06
2.50,-3.00,0.00,0.00,5.31,3.43,4.06
-7.00,0.00,0.00,0.00,6.16,6.07,1.06
-4.50,-3.00,0.00,0.00,5.40,3.57,4.06
-6.50,-1.00,0.00,0.00,5.94,5.57,2.06
5.50,3.50,0.00,0.00,6.88,6.43,2.44
5.50,1.50,0.00,0.00,6.45,6.43,0.44
0.50,-4.00,0.00,0.00,5.26,1.43,5.06
5.50,1.00,0.00,0.00,6.43,6.43,0.06
5.50,4.00,0.00,0.00,7.07,6.43,2.94
-2.50,-4.00,0.00,0.00,5.29,1.57,5.06
2.00,-3.50,0.00,0.00,5.42,2.93,4.56
-4.00,-3.50,0.00,0.00,5.49,3.07,4.56
4.00,-2.00,0.00,0.00,5.80,4.93,3.06
3.50,-2.50,0.00,0.00,5.68,4.43,3.56
-7.00,-0.50,0.00,0.00,6.27,6.07,1.56
-6.00,-2.00,0.00,0.00,5.92,5.07,3.06
-5.50,-2.50,0.00,0.00,5.79,4.57,3.56
1.00,-4.00,0.00,0.00,5.41,1.93,5.06
5.50,0.50,0.00,0.00,6.45,6.43,0.56
3.00,-3.00,0.00,0.00,5.65,3.93,4.06
-3.00,-4.00,0.00,0.00,5.46,2.07,5.06
5.50,4.50,0.00,0.00,7.29,6.43,3.44
-5.00,-3.00,0.00,0.00,5.75,4.07,4.06
-6.50,-1.50,0.00,0.00,6.13,5.57,2.56
5.00,-1.00,0.00,0.00,6.28,5.93,2.06
2.50,-3.50,0.00,0.00,5.70,3.43,4.56
5.50,0.00,0.00,0.00,6.52,6.43,1.06
-4.50,-3.50,0.00,0.00,5.79,3.57,4.56
-7.00,-1.00,0.00,0.00,6.41,6.07,2.06
-3.50,-4.00,0.00,0.00,5.67,2.57,5.06
6.00,2.50,0.00,0.00,7.08,6.93,1.44
-1.00,-4.50,0.00,0.00,5.56,0.07,5.56
6.00,3.00,0.00,0.00,7.20,6.93,1.94
6.00,2.00,0.00,0.00,6.99,6.93,0.94
-0.50,-4.50,0.00,0.00,5.57,0.43,5.56
-1.50,-4.50,0.00,0.00,5.59,0.57,5.56
4.00,-2.50,0.00,0.00,6.08,4.93,3.56
6.00,1.50,0.00,0.00,6.94,6.93,0.44
-2.00,-4.50,0.00,0.00,5.66,1.07,5.56
0.00,-4.50,0.00,0.00,5.63,0.93,5.56
6.00,3.50,0.00,0.00,7.35,6.93,2.44
-6.00,-2.50,0.00,0.00,6.19,5.07,3.56
3.50,-3.00,0.00,0.00,6.01,4.43,4.06
-6.50,-2.00,0.00,0.00,6.35,5.57,3.06
-5.50,-3.00,0.00,0.00,6.11,4.57,4.06
6.00,4.00,0.00,0.00,7.53,6.93,2.94
0.50,-4.50,0.00,0.00,5.74,1.43,5.56
5.50,-0.50,0.00,0.00,6.62,6.43,1.56
6.00,1.00,0.00,0.00,6.93,6.93,0.06
-4.00,-4.00,0.00,0.00,5.92,3.07,5.06
-2.50,-4.50,0.00,0.00,5.77,1.57,5.56
3.00,-3.50,0.00,0.00,6.02,3.93,4.56
5.00,-1.50,0.00,0.00,6.46,5.93,2.56
-5.00,-3.50,0.00,0.00,6.11,4.07,4.56
-7.00,-1.50,0.00,0.00,6.59,6.07,2.56
6.00,0.50,0.00,0.00,6.95,6.93,0.56
1.00,-4.50,0.00,0.00,5.88,1.93,5.56
6.00,4.50,0.00,0.00,7.74,6.93,3.44
-3.00,-4.50,0.00,0.00,5.93,2.07,5.56
5.50,-1.00,0.00,0.00,6.75,6.43,2.06
-4.50,-4.00,0.00,0.00,6.19,3.57,5.06
1.50,-4.50,0.00,0.00,6.07,2.43,5.56
4.00,-3.00,0.00,0.00,6.38,4.93,4.06
6.00,0.00,0.00,0.00,7.01,6.93,1.06
-6.00,-3.00,0.00,0.00,6.49,5.07,4.06
-3.50,-4.50,0.00,0.00,6.12,2.57,5.56
-6.50,-2.50,0.00,0.00,6.61,5.57,3.56
6.50,2.50,0.00,0.00,7.57,7.43,1.44
5.00,-2.00,0.00,0.00,6.67,5.93,3.06
3.50,-3.50,0.00,0.00,6.36,4.43,4.56
-1.00,-5.00,0.00,0.00,6.06,0.07,6.06
6.50,3.00,0.00,0.00,7.68,7.43,1.94
-0.50,-5.00,0.00,0.00,6.07,0.43,6.06
-1.50,-5.00,0.00,0.00,6.08,0.57,6.06
-5.50,-3.50,0.00,0.00,6.45,4.57,4.56
6.50,2.00,0.00,0.00,7.49,7.43,0.94
-7.00,-2.00,0.00,0.00,6.80,6.07,3.06
6.50,3.50,0.00,0.00,7.82,7.43,2.44
6.50,1.50,0.00,0.00,7.44,7.43,0.44
0.00,-5.00,0.00,0.00,6.13,0.93,6.06
-2.00,-5.00,0.00,0.00,6.15,1.07,6.06
6.00,-0.50,0.00,0.00,7.10,6.93,1.56
2.00,-4.50,0.00,0.00,6.28,2.93,5.56
5.50,-1.50,0.00,0.00,6.92,6.43,2.56
-4.00,-4.50,0.00,0.00,6.35,3.07,5.56
0.50,-5.00,0.00,0.00,6.22,1.43,6.06
6.50,4.00,0.00,0.00,7.99,7.43,2.94
-5.00,-4.00,0.00,0.00,6.49,4.07,5.06
6.50,1.00,0.00,0.00,7.43,7.43,0.06
-2.50,-5.00,0.00,0.00,6.26,1.57,6.06
1.00,-5.00,0.00,0.00,6.36,1.93,6.06
6.50,0.50,0.00,0.00,7.45,7.43,0.56
-3.00,-5.00,0.00,0.00,6.40,2.07,6.06
6.50,4.50,0.00,0.00,8.19,7.43,3.44
-6.50,-3.00,0.00,0.00,6.89,5.57,4.06
4.00,-3.50,0.00,0.00,6.71,4.93,4.56
5.00,-2.50,0.00,0.00,6.92,5.93,3.56
6.00,-1.00,0.00,0.00,7.23,6.93,2.06
2.50,-4.50,0.00,0.00,6.53,3.43,5.56
-6.00,-3.50,0.00,0.00,6.82,5.07,4.56
-4.50,-4.50,0.00,0.00,6.60,3.57,5.56
-7.00,-2.50,0.00,0.00,7.04,6.07,3.56
6.50,0.00,0.00,0.00,7.51,7.43,1.06
3.50,-4.00,0.00,0.00,6.72,4.43,5.06
5.50,-2.00,0.00,0.00,7.12,6.43,3.06
1.50,-5.00,0.00,0.00,6.53,2.43,6.06
-5.50,-4.00,0.00,0.00,6.82,4.57,5.06
-3.50,-5.00,0.00,0.00,6.58,2.57,6.06
7.00,2.50,0.00,0.00,8.06,7.93,1.44
-1.00,-5.50,0.00,0.00,6.56,0.07,6.56
7.00,2.00,0.00,0.00,7.99,7.93,0.94
-0.50,-5.50,0.00,0.00,6.57,0.43,6.56
-1.50,-5.50,0.00,0.00,6.58,0.57,6.56
7.00,3.00,0.00,0.00,8.16,7.93,1.94
7.00,1.50,0.00,0.00,7.94,7.93,0.44
6.00,-1.50,0.00,0.00,7.39,6.93,2.56
3.00,-4.50,0.00,0.00,6.81,3.93,5.56
0.00,-5.50,0.00,0.00,6.62,0.93,6.56
7.00,3.50,0.00,0.00,8.30,7.93,2.44
-2.00,-5.50,0.00,0.00,6.64,1.07,6.56
2.00,-5.00,0.00,0.00,6.73,2.93,6.06
-5.00,-4.50,0.00,0.00,6.89,4.07,5.56
-4.00,-5.00,0.00,0.00,6.79,3.07,6.06
7.00,1.00,0.00,0.00,7.93,7.93,0.06
5.00,-3.00,0.00,0.00,7.19,5.93,4.06
7.00,4.00,0.00,0.00,8.46,7.93,2.94
0.50,-5.50,0.00,0.00,6.71,1.43,6.56
-2.50,-5.50,0.00,0.00,6.74,1.57,6.56
-7.00,-3.00,0.00,0.00,7.30,6.07,4.06
-6.50,-3.50,0.00,0.00,7.20,5.57,4.56
5.50,-2.50,0.00,0.00,7.35,6.43,3.56
4.00,-4.00,0.00,0.00,7.06,4.93,5.06
-6.00,-4.00,0.00,0.00,7.16,5.07,5.06
1.00,-5.50,0.00,0.00,6.84,1.93,6.56
7.00,0.50,0.00,0.00,7.95,7.93,0.56
7.00,4.50,0.00,0.00,8.65,7.93,3.44
-3.00,-5.50,0.00,0.00,6.88,2.07,6.56
6.50,-1.00,0.00,0.00,7.71,7.43,2.06
2.50,-5.00,0.00,0.00,6.96,3.43,6.06
-4.50,-5.00,0.00,0.00,7.03,3.57,6.06
6.00,-2.00,0.00,0.00,7.57,6.93,3.06
3.50,-4.50,0.00,0.00,7.11,4.43,5.56
-5.50,-4.50,0.00,0.00,7.19,4.57,5.56
7.00,0.00,0.00,0.00,8.00,7.93,1.06
1.50,-5.50,0.00,0.00,6.99,2.43,6.56
-3.50,-5.50,0.00,0.00,7.04,2.57,6.56
5.00,-3.50,0.00,0.00,7.48,5.93,4.56
6.50,-1.50,0.00,0.00,7.86,7.43,2.56
3.00,-5.00,0.00,0.00,7.22,3.93,6.06
-1.00,-6.00,0.00,0.00,7.06,0.07,7.06
5.50,-3.00,0.00,0.00,7.60,6.43,4.06
-7.00,-3.50,0.00,0.00,7.59,6.07,4.56
-1.50,-6.00,0.00,0.00,7.08,0.57,7.06
-5.00,-5.00,0.00,0.00,7.30,4.07,6.06
-0.50,-6.00,0.00,0.00,7.07,0.43,7.06
-6.50,-4.00,0.00,0.00,7.52,5.57,5.06
2.00,-5.50,0.00,0.00,7.18,2.93,6.56
-4.00,-5.50,0.00,0.00,7.24,3.07,6.56
0.00,-6.00,0.00,0.00,7.12,0.93,7.06
-2.00,-6.00,0.00,0.00,7.14,1.07,7.06
4.00,-4.50,0.00,0.00,7.43,4.93,5.56
6.00,-2.50,0.00,0.00,7.79,6.93,3.56
-6.00,-4.50,0.00,0.00,7.52,5.07,5.56
0.50,-6.00,0.00,0.00,7.20,1.43,7.06
-2.50,-6.00,0.00,0.00,7.23,1.57,7.06
2.50,-5.50,0.00,0.00,7.40,3.43,6.56
7.00,-1.00,0.00,0.00,8.19,7.93,2.06
6.50,-2.00,0.00,0.00,8.03,7.43,3.06
1.00,-6.00,0.00,0.00,7.32,1.93,7.06
-3.00,-6.00,0.00,0.00,7.35,2.07,7.06
-4.50,-5.50,0.00,0.00,7.47,3.57,6.56
3.50,-5.00,0.00,0.00,7.50,4.43,6.06
-5.50,-5.00,0.00,0.00,7.59,4.57,6.06
5.50,-3.50,0.00,0.00,7.88,6.43,4.56
5.00,-4.00,0.00,0.00,7.79,5.93,5.06
1.50,-6.00,0.00,0.00,7.46,2.43,7.06
-3.50,-6.00,0.00,0.00,7.51,2.57,7.06
4.50,-4.50,0.00,0.00,7.77,5.43,5.56
6.00,-3.00,0.00,0.00,8.03,6.93,4.06
-6.50,-4.50,0.00,0.00,7.87,5.57,5.56
7.00,-1.50,0.00,0.00,8.33,7.93,2.56
3.00,-5.50,0.00,0.00,7.64,3.93,6.56
-5.00,-5.50,0.00,0.00,7.72,4.07,6.56
6.50,-2.50,0.00,0.00,8.24,7.43,3.56
4.00,-5.00,0.00,0.00,7.81,4.93,6.06
2.00,-6.00,0.00,0.00,7.64,2.93,7.06
-4.00,-6.00,0.00,0.00,7.70,3.07,7.06
-6.00,-5.00,0.00,0.00,7.90,5.07,6.06
3.50,-5.50,0.00,0.00,7.91,4.43,6.56
7.00,-2.00,0.00,0.00,8.50,7.93,3.06
2.50,-6.00,0.00,0.00,7.85,3.43,7.06
5.50,-4.00,0.00,0.00,8.18,6.43,5.06
-5.50,-5.50,0.00,0.00,7.99,4.57,6.56
-4.50,-6.00,0.00,0.00,7.91,3.57,7.06
5.00,-4.50,0.00,0.00,8.13,5.93,5.56
6.00,-3.50,0.00,0.00,8.29,6.93,4.56
-7.00,-4.50,0.00,0.00,8.23,6.07,5.56
6.50,-3.00,0.00,0.00,8.47,7.43,4.06
4.50,-5.00,0.00,0.00,8.13,5.43,6.06
-6.50,-5.00,0.00,0.00,8.23,5.57,6.06
3.00,-6.00,0.00,0.00,8.08,3.93,7.06
-5.00,-6.00,0.00,0.00,8.15,4.07,7.06
4.00,-5.50,0.00,0.00,8.20,4.93,6.56
7.00,-2.50,0.00,0.00,8.69,7.93,3.56
-6.00,-5.50,0.00,0.00,8.29,5.07,6.56
6.00,-4.00,0.00,0.00,8.58,6.93,5.06
5.50,-4.50,0.00,0.00,8.50,6.43,5.56
-7.50,-4.50,0.00,0.00,8.60,6.57,5.56
5.00,-5.00,0.00,0.00,8.48,5.93,6.06
6.50,-3.50,0.00,0.00,8.72,7.43,4.56
3.50,-6.00,0.00,0.00,8.33,4.43,7.06
-5.50,-6.00,0.00,0.00,8.41,4.57,7.06
-7.00,-5.00,0.00,0.00,8.57,6.07,6.06
4.50,-5.50,0.00,0.00,8.51,5.43,6.55
7.00,-3.00,0.00,0.00,8.90,7.93,4.05
-6.50,-5.50,0.00,0.00,8.60,5.57,6.55
4.00,-6.00,0.00,0.00,8.60,4.93,7.05
-6.00,-6.00,0.00,0.00,8.68,5.07,7.05
6.00,-4.50,0.00,0.00,8.88,6.93,5.55
5.50,-5.00,0.00,0.00,8.83,6.43,6.05
6.50,-4.00,0.00,0.00,8.98,7.43,5.05
-7.50,-5.00,0.00,0.00,8.93,6.57,6.05
5.00,-5.50,0.00,0.00,8.83,5.93,6.55
7.00,-3.50,0.00,0.00,9.14,7.93,4.55
-7.00,-5.50,0.00,0.00,8.93,6.07,6.55
4.50,-6.00,0.00,0.00,8.90,5.43,7.05
-6.50,-6.00,0.00,0.00,8.99,5.57,7.05
6.00,-5.00,0.00,0.00,9.20,6.93,6.05
6.50,-4.50,0.00,0.00,9.27,7.43,5.55
5.50,-5.50,0.00,0.00,9.18,6.43,6.55
7.00,-4.00,0.00,0.00,9.40,7.93,5.05
-7.50,-5.50,0.00,0.00,9.28,6.57,6.55
5.00,-6.00,0.00,0.00,9.21,5.93,7.05
-7.00,-6.00,0.00,0.00,9.30,6.07,7.05
4.50,-6.50,0.00,0.00,9.30,5.43,7.55
6.50,-5.00,0.00,0.00,9.58,7.43,6.05
6.00,-5.50,0.00,0.00,9.53,6.93,6.55
7.00,-4.50,0.00,0.00,9.68,7.93,5.55
5.50,-6.00,0.00,0.00,9.54,6.43,7.05
-7.50,-6.00,0.00,0.00,9.64,6.57,7.05
5.00,-6.50,0.00,0.00,9.60,5.93,7.55
6.50,-5.50,0.00,0.00,9.90,7.43,6.55
7.00,-5.00,0.00,0.00,9.97,7.93,6.05
6.00,-6.00,0.00,0.00,9.88,6.93,7.05
5.50,-6.50,0.00,0.00,9.92,6.43,7.55
7.00,-5.50,0.00,0.00,10.28,7.93,6.55
6.50,-6.00,0.00,0.00,10.24,7.43,7.05
6.00,-6.50,0.00,0.00,10.25,6.93,7.55
7.00,-6.00,0.00,0.00,10.61,7.93,7.05
6.50,-6.50,0.00,0.00,10.59,7.43,7.55
7.00,-6.50,0.00,0.00,10.95,7.93,7.55
